0 8.83099125027879
1 10.950426712931698
2 13.580749111752226
3 15.509181852808197
4 17.709011030452174
5 18.310422241237056
6 20.539952596678926
7 22.64146290098699
8 25.52130593585981
9 27.002627877430932
10 29.88775981982127
11 31.077282335712898
12 32.48963109910849
13 34.85509675965714
14 36.77884025324758
15 38.18386813666837
16 41.14925583987589
17 42.54328720156727
18 44.48440359569073
19 47.286111306357526
20 48.926063419450024
21 51.06927701181626
22 53.77758719762099
23 55.17780368992742
24 56.55902582156236
25 59.10151406041821
26 60.30923802032086
27 63.062187526854714
28 65.82047869158258
29 66.83263754654945
30 68.95942223260631
31 70.68436267984674
32 73.83448142076251
33 74.96641991965552
34 77.3193546934342
35 78.25890337186677
36 80.11160937436502
37 82.5141847536172
38 84.51353274775256
39 87.89769595744738
