0 18.554569049467997
1 19.887550931899266
2 22.847957061668218
3 24.09536821055104
4 25.1376432728331
5 27.253306278308376
6 30.658086711764483
7 32.63151766223009
8 33.514873167499815
9 35.75007994061336
10 38.18712540406662
11 39.13849600429584
12 42.687256051134085
13 44.589592544180924
14 45.422725250111775
15 47.5265410108599
16 50.16104334920315
17 51.635804468112525
18 53.81437750021702
19 55.463992629664304
20 57.142091731142315
21 60.2768291555314
22 62.78998863774105
23 63.857339626224466
24 66.78006962028559
25 68.4127481970241
26 69.94049196029148
27 72.801899813906
28 73.33245150188355
29 75.77009137837979
30 78.10369638849888
31 80.63957290655699
32 82.63906988807192
33 84.80566175152447
34 86.53676839685656
35 87.15738518240904
36 90.4395297625425
37 91.28036015468592
38 94.1436099049319
39 95.69124787318374
