0 20.195928980203064
1 23.060268399333918
2 24.9140222230295
3 27.623076696840922
4 28.358454302751877
5 31.146484638018745
6 32.357149976204674
7 34.23868607883381
8 37.41795989858018
9 38.21018951153625
10 41.49899408963844
11 43.443611711848014
12 45.28427029860141
13 46.910930031267334
14 49.79513002500713
15 50.47380993172338
16 53.00707946299476
17 55.654664297014044
18 57.028112484795464
19 58.9096235908589
20 60.826949925029695
21 63.24844473269912
22 65.54407880270671
23 66.10162861687445
24 68.56930674184423
25 71.25209161256763
26 72.73179321387231
27 75.57961880494057
28 76.19787531363085
29 78.91490779670066
30 81.5588825820039
31 82.35850518308702
32 84.41880090055842
33 86.56317060023127
34 88.57462896421892
35 90.60075901052262
36 93.77235557906651
37 95.639438742189
38 97.76076564429054
39 99.0696963745708
