0 14.383109027189347
1 17.598343675343266
2 19.3151491265135
3 20.961138631685085
4 23.39232454754278
5 24.753234324316843
6 27.621035927604755
7 28.96543325635745
8 31.533196585338366
9 32.1934378689093
10 34.70496714384315
11 37.06508421461178
12 39.58042047509868
13 41.228035407878174
14 42.1789675823004
15 44.81442903525696
16 46.292199782064465
17 49.56860023532614
18 51.352402800853035
19 53.53291037052464
20 54.63613419580261
21 56.85411964306003
22 58.26641368179786
23 61.041100332672244
24 63.5285876078218
25 64.34133107804956
26 66.59801043630858
27 68.49606322148404
28 71.7876167442192
29 73.34201500537361
30 74.35003453561352
31 77.3673095187956
32 79.26701164398527
33 81.74888007076343
34 83.26747740626655
35 85.16735527503776
36 86.21615751761034
37 89.30412752850211
38 90.5988000895304
39 92.44449274825904
