0 5.450054297042578
1 8.640219082242142
2 10.213204431556443
3 12.310306244023764
4 14.39889021701991
5 16.77896137690963
6 17.77546497926013
7 20.07332139915136
8 21.257975785605545
9 24.157840065756584
10 26.864800497667012
11 28.535813277879118
12 29.438000936919423
13 32.294399600972035
14 33.831444037614844
15 35.69089383348184
16 37.570189545103695
17 39.418345234267484
18 42.04693742106317
19 44.6222421142959
20 46.10692741706485
21 48.89120753088519
22 50.24830390902035
23 52.89989014416414
24 54.71773846283424
25 55.72311060228187
26 58.17852230970061
27 60.89846650057793
28 62.08583416751744
29 64.3552383783782
30 66.5437243078383
31 68.75147517347752
32 69.96170158688246
33 71.70546512007353
34 74.14577141918616
35 75.99087103959204
36 77.7087846648958
37 80.67807379190364
38 82.52950234576412
39 84.52796345117963
