0 2.9695219461755062
1 4.157335217546636
2 6.85338279816097
3 8.923615013604513
4 11.406572104988395
5 12.851923434767333
6 14.437170405050729
7 17.85032442034644
8 18.381540785283285
9 20.230435149832353
10 23.09037433896506
11 24.646801859801382
12 27.448602801075253
13 29.116837724758636
14 30.563722558240727
15 32.12949754322882
16 34.72675402325585
17 37.55528455162467
18 38.703939404952614
19 40.94690300473508
20 42.89929298304457
21 44.2044373894699
22 47.39518825804894
23 49.08906641268193
24 51.406106778392065
25 52.25798371041073
26 54.461217253497104
27 57.271186362233614
28 59.32340890605514
29 61.652896190571624
30 63.285774356873034
31 64.91672857663332
32 67.23146055075387
33 69.40957257604128
34 71.5448776093024
35 73.02848360160003
36 74.42205794599694
37 77.25463475652289
38 79.53916305935314
39 80.40051600195457
