0 11.730695758392882 17.22640703402756
1 14.049024003216156 20.09074645315841
2 16.28741079211348 21.944500276853994
3 18.237114441585586 24.653554750665414
4 20.067149245931372 25.38893235657637
5 21.849055382259664 28.176962691843237
6 23.898143432760616 29.38762803002917
7 26.06679095298436 31.269164132658304
8 27.937808693027836 34.448437952404674
9 29.59076840234646 35.240667565360745
10 32.37233688233359 38.52947214346293
11 33.9845149006915 40.47408976567251
12 36.154696943656226 42.31474835242591
13 38.165815344785706 43.94140808509183
14 39.76180495108707 46.82560807883163
15 41.46983991520321 47.504287985547876
16 43.81775366708297 50.037557516819255
17 46.06266433131869 52.68514235083854
18 47.90502886792868 54.05859053861996
19 50.12696383607272 55.940101644683395
20 51.75624327858901 57.85742797885419
21 54.090719243910314 60.278922786523616
22 56.336926747822645 62.5745568565312
23 58.02780480375744 63.132106670698946
24 60.26013917212338 65.59978479566873
25 61.84812987679201 68.28256966639212
26 63.70321219899849 69.7622712676968
27 66.35157037166614 72.61009685876506
28 68.09127755414812 73.22835336745534
29 70.14463104932555 75.94538585052516
30 72.13358906723899 78.5893606358284
31 74.11965900639952 79.38898323691151
32 76.2254209985024 81.44927895438292
33 78.19986167304825 83.59364865405577
34 80.23147974821079 85.60510701804341
35 81.70062624683804 87.63123706434712
36 83.77841580741286 90.80283363289101
37 86.11180328790346 92.6699167960135
38 88.18089563193712 94.79124369811504
39 90.00526873443253 96.10017442839529
